{
  "GlobalObjectId_V1-2-8114650d0cf289c49af3dcc7565b51f6-373222656-0": {
    "GameObjectId": "GlobalObjectId_V1-2-8114650d0cf289c49af3dcc7565b51f6-373222656-0",
    "SectionColorRed": 1.0,
    "SectionColorGreen": 0.5,
    "SectionColorBlue": 0.5,
    "SectionAltColorRed": 0.5,
    "SectionAltColorGreen": 0.125,
    "SectionAltColorBlue": 0.125
  },
  "GlobalObjectId_V1-2-8114650d0cf289c49af3dcc7565b51f6-1986957917-0": {
    "GameObjectId": "GlobalObjectId_V1-2-8114650d0cf289c49af3dcc7565b51f6-1986957917-0",
    "SectionColorRed": 0.8333335,
    "SectionColorGreen": 0.5,
    "SectionColorBlue": 1.0,
    "SectionAltColorRed": 0.7264151,
    "SectionAltColorGreen": 0.575580835,
    "SectionAltColorBlue": 0.0
  }
}